Contamination_per_L,10:20:00 PM,20150530,9022.31
Grams_per_L,10:20:00 PM,20150530,12.7074782680458
EquivD,10:20:00 PM,20150530,0,0,0,9,6,3,3,3,6,8,4,6,4,3,0,0,0,0,0,0
Area,10:20:00 PM,30202015,7,8,3,3,2,6,5,4,3,1,5,3,2,0,1,2,0,0,0,0
Contamination_per_L,10:20:01 PM,20150530,9022.31
Grams_per_L,10:20:01 PM,20150530,12.7074782680458
EquivD,10:20:01 PM,20150530,0,0,0,9,6,3,3,3,6,8,4,6,4,3,0,0,0,0,0,0
Area,10:20:01 PM,30202015,7,8,3,3,2,6,5,4,3,1,5,3,2,0,1,2,0,0,0,0
Contamination_per_L,10:20:01 PM,20150530,9022.31
Grams_per_L,10:20:01 PM,20150530,12.7074782680458
EquivD,10:20:01 PM,20150530,0,0,0,9,6,3,3,3,6,8,4,6,4,3,0,0,0,0,0,0
Area,10:20:01 PM,30202015,7,8,3,3,2,6,5,4,3,1,5,3,2,0,1,2,0,0,0,0
Contamination_per_L,10:20:02 PM,20150530,9022.31
Grams_per_L,10:20:02 PM,20150530,12.7074782680458
EquivD,10:20:02 PM,20150530,0,0,0,9,6,3,3,3,6,8,4,6,4,3,0,0,0,0,0,0
Area,10:20:02 PM,30202015,7,8,3,3,2,6,5,4,3,1,5,3,2,0,1,2,0,0,0,0
Contamination_per_L,10:20:03 PM,20150530,9022.31
Grams_per_L,10:20:03 PM,20150530,12.7074782680458
EquivD,10:20:03 PM,20150530,0,0,0,9,6,3,3,3,6,8,4,6,4,3,0,0,0,0,0,0
Area,10:20:03 PM,30202015,7,8,3,3,2,6,5,4,3,1,5,3,2,0,1,2,0,0,0,0
Contamination_per_L,10:20:03 PM,20150530,9022.31
Grams_per_L,10:20:03 PM,20150530,12.7074782680458
EquivD,10:20:03 PM,20150530,0,0,0,9,6,3,3,3,6,8,4,6,4,3,0,0,0,0,0,0
Area,10:20:03 PM,30202015,7,8,3,3,2,6,5,4,3,1,5,3,2,0,1,2,0,0,0,0
Contamination_per_L,10:20:04 PM,20150530,9022.31
Grams_per_L,10:20:04 PM,20150530,12.7074782680458
EquivD,10:20:04 PM,20150530,0,0,0,9,6,3,3,3,6,8,4,6,4,3,0,0,0,0,0,0
Area,10:20:04 PM,30202015,7,8,3,3,2,6,5,4,3,1,5,3,2,0,1,2,0,0,0,0
Contamination_per_L,10:20:05 PM,20150530,9022.31
Grams_per_L,10:20:05 PM,20150530,12.7074782680458
EquivD,10:20:05 PM,20150530,0,0,0,9,6,3,3,3,6,8,4,6,4,3,0,0,0,0,0,0
Area,10:20:05 PM,30202015,7,8,3,3,2,6,5,4,3,1,5,3,2,0,1,2,0,0,0,0
Contamination_per_L,10:20:05 PM,20150530,9022.31
Grams_per_L,10:20:05 PM,20150530,12.7074782680458
EquivD,10:20:05 PM,20150530,0,0,0,9,6,3,3,3,6,8,4,6,4,3,0,0,0,0,0,0
Area,10:20:05 PM,30202015,7,8,3,3,2,6,5,4,3,1,5,3,2,0,1,2,0,0,0,0
Contamination_per_L,10:20:06 PM,20150530,9022.31
Grams_per_L,10:20:06 PM,20150530,12.7074782680458
EquivD,10:20:06 PM,20150530,0,0,0,9,6,3,3,3,6,8,4,6,4,3,0,0,0,0,0,0
Area,10:20:06 PM,30202015,7,8,3,3,2,6,5,4,3,1,5,3,2,0,1,2,0,0,0,0
Contamination_per_L,10:20:06 PM,20150530,9022.31
Grams_per_L,10:20:06 PM,20150530,12.7074782680458
EquivD,10:20:06 PM,20150530,0,0,0,9,6,3,3,3,6,8,4,6,4,3,0,0,0,0,0,0
Area,10:20:06 PM,30202015,7,8,3,3,2,6,5,4,3,1,5,3,2,0,1,2,0,0,0,0
Contamination_per_L,10:20:07 PM,20150530,9022.31
Grams_per_L,10:20:07 PM,20150530,12.7074782680458
EquivD,10:20:07 PM,20150530,0,0,0,9,6,3,3,3,6,8,4,6,4,3,0,0,0,0,0,0
Area,10:20:07 PM,30202015,7,8,3,3,2,6,5,4,3,1,5,3,2,0,1,2,0,0,0,0
Contamination_per_L,10:20:08 PM,20150530,9022.31
Grams_per_L,10:20:08 PM,20150530,12.7074782680458
EquivD,10:20:08 PM,20150530,0,0,0,9,6,3,3,3,6,8,4,6,4,3,0,0,0,0,0,0
Area,10:20:08 PM,30202015,7,8,3,3,2,6,5,4,3,1,5,3,2,0,1,2,0,0,0,0
Contamination_per_L,10:20:08 PM,20150530,9022.31
Grams_per_L,10:20:08 PM,20150530,12.7074782680458
EquivD,10:20:08 PM,20150530,0,0,0,9,6,3,3,3,6,8,4,6,4,3,0,0,0,0,0,0
Area,10:20:08 PM,30202015,7,8,3,3,2,6,5,4,3,1,5,3,2,0,1,2,0,0,0,0
Contamination_per_L,10:20:09 PM,20150530,9022.31
Grams_per_L,10:20:09 PM,20150530,12.7074782680458
EquivD,10:20:09 PM,20150530,0,0,0,9,6,3,3,3,6,8,4,6,4,3,0,0,0,0,0,0
Area,10:20:09 PM,30202015,7,8,3,3,2,6,5,4,3,1,5,3,2,0,1,2,0,0,0,0
Contamination_per_L,10:20:09 PM,20150530,9022.31
Grams_per_L,10:20:09 PM,20150530,12.7074782680458
EquivD,10:20:09 PM,20150530,0,0,0,9,6,3,3,3,6,8,4,6,4,3,0,0,0,0,0,0
Area,10:20:09 PM,30202015,7,8,3,3,2,6,5,4,3,1,5,3,2,0,1,2,0,0,0,0
Contamination_per_L,10:20:10 PM,20150530,9022.31
Grams_per_L,10:20:10 PM,20150530,12.7074782680458
EquivD,10:20:10 PM,20150530,0,0,0,9,6,3,3,3,6,8,4,6,4,3,0,0,0,0,0,0
Area,10:20:10 PM,30202015,7,8,3,3,2,6,5,4,3,1,5,3,2,0,1,2,0,0,0,0
Contamination_per_L,10:20:11 PM,20150530,9022.31
Grams_per_L,10:20:11 PM,20150530,12.7074782680458
EquivD,10:20:11 PM,20150530,0,0,0,9,6,3,3,3,6,8,4,6,4,3,0,0,0,0,0,0
Area,10:20:11 PM,30202015,7,8,3,3,2,6,5,4,3,1,5,3,2,0,1,2,0,0,0,0
Contamination_per_L,10:20:16 PM,20150530,9022.31
Grams_per_L,10:20:16 PM,20150530,12.7074782680458
EquivD,10:20:16 PM,20150530,0,0,0,9,6,3,3,3,6,8,4,6,4,3,0,0,0,0,0,0
Area,10:20:16 PM,30202015,7,8,3,3,2,6,5,4,3,1,5,3,2,0,1,2,0,0,0,0
Contamination_per_L,10:20:19 PM,20150530,9022.31
Grams_per_L,10:20:19 PM,20150530,12.7074782680458
EquivD,10:20:19 PM,20150530,0,0,0,9,6,3,3,3,6,8,4,6,4,3,0,0,0,0,0,0
Area,10:20:19 PM,30202015,7,8,3,3,2,6,5,4,3,1,5,3,2,0,1,2,0,0,0,0
Contamination_per_L,10:20:22 PM,20150530,9022.31
Grams_per_L,10:20:22 PM,20150530,12.7074782680458
EquivD,10:20:22 PM,20150530,0,0,0,9,6,3,3,3,6,8,4,6,4,3,0,0,0,0,0,0
Area,10:20:22 PM,30202015,7,8,3,3,2,6,5,4,3,1,5,3,2,0,1,2,0,0,0,0
Contamination_per_L,10:27:37 PM,20150530,9022.31
Grams_per_L,10:27:37 PM,20150530,12.7074782680458
EquivD,10:27:37 PM,20150530,0,0,0,9,6,3,3,3,6,8,4,6,4,3,0,0,0,0,0,0
Area,10:27:37 PM,30272015,7,8,3,3,2,6,5,4,3,1,5,3,2,0,1,2,0,0,0,0
Contamination_per_L,10:27:38 PM,20150530,9022.31
Grams_per_L,10:27:38 PM,20150530,12.7074782680458
EquivD,10:27:38 PM,20150530,0,0,0,9,6,3,3,3,6,8,4,6,4,3,0,0,0,0,0,0
Area,10:27:38 PM,30272015,7,8,3,3,2,6,5,4,3,1,5,3,2,0,1,2,0,0,0,0
Contamination_per_L,10:27:39 PM,20150530,9022.31
Grams_per_L,10:27:39 PM,20150530,12.7074782680458
EquivD,10:27:39 PM,20150530,0,0,0,9,6,3,3,3,6,8,4,6,4,3,0,0,0,0,0,0
Area,10:27:39 PM,30272015,7,8,3,3,2,6,5,4,3,1,5,3,2,0,1,2,0,0,0,0
Contamination_per_L,10:27:39 PM,20150530,9022.31
Grams_per_L,10:27:39 PM,20150530,12.7074782680458
EquivD,10:27:39 PM,20150530,0,0,0,9,6,3,3,3,6,8,4,6,4,3,0,0,0,0,0,0
Area,10:27:39 PM,30272015,7,8,3,3,2,6,5,4,3,1,5,3,2,0,1,2,0,0,0,0
Contamination_per_L,10:27:40 PM,20150530,9022.31
Grams_per_L,10:27:40 PM,20150530,12.7074782680458
EquivD,10:27:40 PM,20150530,0,0,0,9,6,3,3,3,6,8,4,6,4,3,0,0,0,0,0,0
Area,10:27:40 PM,30272015,7,8,3,3,2,6,5,4,3,1,5,3,2,0,1,2,0,0,0,0
Contamination_per_L,10:27:40 PM,20150530,9022.31
Grams_per_L,10:27:40 PM,20150530,12.7074782680458
EquivD,10:27:40 PM,20150530,0,0,0,9,6,3,3,3,6,8,4,6,4,3,0,0,0,0,0,0
Area,10:27:40 PM,30272015,7,8,3,3,2,6,5,4,3,1,5,3,2,0,1,2,0,0,0,0
Contamination_per_L,10:27:41 PM,20150530,9022.31
Grams_per_L,10:27:41 PM,20150530,12.7074782680458
EquivD,10:27:41 PM,20150530,0,0,0,9,6,3,3,3,6,8,4,6,4,3,0,0,0,0,0,0
Area,10:27:41 PM,30272015,7,8,3,3,2,6,5,4,3,1,5,3,2,0,1,2,0,0,0,0
Contamination_per_L,10:27:42 PM,20150530,9022.31
Grams_per_L,10:27:42 PM,20150530,12.7074782680458
EquivD,10:27:42 PM,20150530,0,0,0,9,6,3,3,3,6,8,4,6,4,3,0,0,0,0,0,0
Area,10:27:42 PM,30272015,7,8,3,3,2,6,5,4,3,1,5,3,2,0,1,2,0,0,0,0
Contamination_per_L,10:27:42 PM,20150530,9022.31
Grams_per_L,10:27:42 PM,20150530,12.7074782680458
EquivD,10:27:42 PM,20150530,0,0,0,9,6,3,3,3,6,8,4,6,4,3,0,0,0,0,0,0
Area,10:27:42 PM,30272015,7,8,3,3,2,6,5,4,3,1,5,3,2,0,1,2,0,0,0,0
Contamination_per_L,10:27:43 PM,20150530,9022.31
Grams_per_L,10:27:43 PM,20150530,12.7074782680458
EquivD,10:27:43 PM,20150530,0,0,0,9,6,3,3,3,6,8,4,6,4,3,0,0,0,0,0,0
Area,10:27:43 PM,30272015,7,8,3,3,2,6,5,4,3,1,5,3,2,0,1,2,0,0,0,0
Contamination_per_L,10:27:44 PM,20150530,9022.31
Grams_per_L,10:27:44 PM,20150530,12.7074782680458
EquivD,10:27:44 PM,20150530,0,0,0,9,6,3,3,3,6,8,4,6,4,3,0,0,0,0,0,0
Area,10:27:44 PM,30272015,7,8,3,3,2,6,5,4,3,1,5,3,2,0,1,2,0,0,0,0
Contamination_per_L,10:27:44 PM,20150530,9022.31
Grams_per_L,10:27:44 PM,20150530,12.7074782680458
EquivD,10:27:44 PM,20150530,0,0,0,9,6,3,3,3,6,8,4,6,4,3,0,0,0,0,0,0
Area,10:27:44 PM,30272015,7,8,3,3,2,6,5,4,3,1,5,3,2,0,1,2,0,0,0,0
Contamination_per_L,10:27:49 PM,20150530,9022.31
Grams_per_L,10:27:49 PM,20150530,12.7074782680458
EquivD,10:27:49 PM,20150530,0,0,0,9,6,3,3,3,6,8,4,6,4,3,0,0,0,0,0,0
Area,10:27:49 PM,30272015,7,8,3,3,2,6,5,4,3,1,5,3,2,0,1,2,0,0,0,0
Contamination_per_L,10:27:52 PM,20150530,9022.31
Grams_per_L,10:27:52 PM,20150530,12.7074782680458
EquivD,10:27:52 PM,20150530,0,0,0,9,6,3,3,3,6,8,4,6,4,3,0,0,0,0,0,0
Area,10:27:52 PM,30272015,7,8,3,3,2,6,5,4,3,1,5,3,2,0,1,2,0,0,0,0
Contamination_per_L,10:27:55 PM,20150530,9022.31
Grams_per_L,10:27:55 PM,20150530,12.7074782680458
EquivD,10:27:55 PM,20150530,0,0,0,9,6,3,3,3,6,8,4,6,4,3,0,0,0,0,0,0
Area,10:27:55 PM,30272015,7,8,3,3,2,6,5,4,3,1,5,3,2,0,1,2,0,0,0,0
Contamination_per_L,10:27:58 PM,20150530,9022.31
Grams_per_L,10:27:58 PM,20150530,12.7074782680458
EquivD,10:27:58 PM,20150530,0,0,0,9,6,3,3,3,6,8,4,6,4,3,0,0,0,0,0,0
Area,10:27:58 PM,30272015,7,8,3,3,2,6,5,4,3,1,5,3,2,0,1,2,0,0,0,0
Contamination_per_L,10:28:01 PM,20150530,9022.31
Grams_per_L,10:28:01 PM,20150530,12.7074782680458
EquivD,10:28:01 PM,20150530,0,0,0,9,6,3,3,3,6,8,4,6,4,3,0,0,0,0,0,0
Area,10:28:01 PM,30282015,7,8,3,3,2,6,5,4,3,1,5,3,2,0,1,2,0,0,0,0
Contamination_per_L,10:30:58 PM,20150530,9022.31
Grams_per_L,10:30:58 PM,20150530,12.7074782680458
EquivD,10:30:58 PM,20150530,0,0,0,9,6,3,3,3,6,8,4,6,4,3,0,0,0,0,0,0
Area,10:30:58 PM,30302015,7,8,3,3,2,6,5,4,3,1,5,3,2,0,1,2,0,0,0,0
Contamination_per_L,10:30:59 PM,20150530,9022.31
Grams_per_L,10:30:59 PM,20150530,12.7074782680458
EquivD,10:30:59 PM,20150530,0,0,0,9,6,3,3,3,6,8,4,6,4,3,0,0,0,0,0,0
Area,10:30:59 PM,30302015,7,8,3,3,2,6,5,4,3,1,5,3,2,0,1,2,0,0,0,0
Contamination_per_L,10:30:59 PM,20150530,9022.31
Grams_per_L,10:30:59 PM,20150530,12.7074782680458
EquivD,10:30:59 PM,20150530,0,0,0,9,6,3,3,3,6,8,4,6,4,3,0,0,0,0,0,0
Area,10:30:59 PM,30302015,7,8,3,3,2,6,5,4,3,1,5,3,2,0,1,2,0,0,0,0
Contamination_per_L,10:31:00 PM,20150530,9022.31
Grams_per_L,10:31:00 PM,20150530,12.7074782680458
EquivD,10:31:00 PM,20150530,0,0,0,9,6,3,3,3,6,8,4,6,4,3,0,0,0,0,0,0
Area,10:31:00 PM,30312015,7,8,3,3,2,6,5,4,3,1,5,3,2,0,1,2,0,0,0,0
Contamination_per_L,10:31:00 PM,20150530,9022.31
Grams_per_L,10:31:00 PM,20150530,12.7074782680458
EquivD,10:31:00 PM,20150530,0,0,0,9,6,3,3,3,6,8,4,6,4,3,0,0,0,0,0,0
Area,10:31:00 PM,30312015,7,8,3,3,2,6,5,4,3,1,5,3,2,0,1,2,0,0,0,0
Contamination_per_L,10:31:01 PM,20150530,9022.31
Grams_per_L,10:31:01 PM,20150530,12.7074782680458
EquivD,10:31:01 PM,20150530,0,0,0,9,6,3,3,3,6,8,4,6,4,3,0,0,0,0,0,0
Area,10:31:01 PM,30312015,7,8,3,3,2,6,5,4,3,1,5,3,2,0,1,2,0,0,0,0
Contamination_per_L,10:31:02 PM,20150530,9022.31
Grams_per_L,10:31:02 PM,20150530,12.7074782680458
EquivD,10:31:02 PM,20150530,0,0,0,9,6,3,3,3,6,8,4,6,4,3,0,0,0,0,0,0
Area,10:31:02 PM,30312015,7,8,3,3,2,6,5,4,3,1,5,3,2,0,1,2,0,0,0,0
Contamination_per_L,10:31:02 PM,20150530,9022.31
Grams_per_L,10:31:02 PM,20150530,12.7074782680458
EquivD,10:31:02 PM,20150530,0,0,0,9,6,3,3,3,6,8,4,6,4,3,0,0,0,0,0,0
Area,10:31:02 PM,30312015,7,8,3,3,2,6,5,4,3,1,5,3,2,0,1,2,0,0,0,0
Contamination_per_L,10:31:03 PM,20150530,9022.31
Grams_per_L,10:31:03 PM,20150530,12.7074782680458
EquivD,10:31:03 PM,20150530,0,0,0,9,6,3,3,3,6,8,4,6,4,3,0,0,0,0,0,0
Area,10:31:03 PM,30312015,7,8,3,3,2,6,5,4,3,1,5,3,2,0,1,2,0,0,0,0
Contamination_per_L,10:31:04 PM,20150530,9022.31
Grams_per_L,10:31:04 PM,20150530,12.7074782680458
EquivD,10:31:04 PM,20150530,0,0,0,9,6,3,3,3,6,8,4,6,4,3,0,0,0,0,0,0
Area,10:31:04 PM,30312015,7,8,3,3,2,6,5,4,3,1,5,3,2,0,1,2,0,0,0,0
Contamination_per_L,10:31:04 PM,20150530,9022.31
Grams_per_L,10:31:04 PM,20150530,12.7074782680458
EquivD,10:31:04 PM,20150530,0,0,0,9,6,3,3,3,6,8,4,6,4,3,0,0,0,0,0,0
Area,10:31:04 PM,30312015,7,8,3,3,2,6,5,4,3,1,5,3,2,0,1,2,0,0,0,0
Contamination_per_L,10:31:05 PM,20150530,9022.31
Grams_per_L,10:31:05 PM,20150530,12.7074782680458
EquivD,10:31:05 PM,20150530,0,0,0,9,6,3,3,3,6,8,4,6,4,3,0,0,0,0,0,0
Area,10:31:05 PM,30312015,7,8,3,3,2,6,5,4,3,1,5,3,2,0,1,2,0,0,0,0
Contamination_per_L,10:31:05 PM,20150530,9022.31
Grams_per_L,10:31:05 PM,20150530,12.7074782680458
EquivD,10:31:05 PM,20150530,0,0,0,9,6,3,3,3,6,8,4,6,4,3,0,0,0,0,0,0
Area,10:31:05 PM,30312015,7,8,3,3,2,6,5,4,3,1,5,3,2,0,1,2,0,0,0,0
Contamination_per_L,10:31:06 PM,20150530,9022.31
Grams_per_L,10:31:06 PM,20150530,12.7074782680458
EquivD,10:31:06 PM,20150530,0,0,0,9,6,3,3,3,6,8,4,6,4,3,0,0,0,0,0,0
Area,10:31:06 PM,30312015,7,8,3,3,2,6,5,4,3,1,5,3,2,0,1,2,0,0,0,0
Contamination_per_L,10:31:07 PM,20150530,9022.31
Grams_per_L,10:31:07 PM,20150530,12.7074782680458
EquivD,10:31:07 PM,20150530,0,0,0,9,6,3,3,3,6,8,4,6,4,3,0,0,0,0,0,0
Area,10:31:07 PM,30312015,7,8,3,3,2,6,5,4,3,1,5,3,2,0,1,2,0,0,0,0
Contamination_per_L,10:34:22 PM,20150530,9022.31
Grams_per_L,10:34:22 PM,20150530,12.7074782680458
EquivD,10:34:22 PM,20150530,0,0,0,9,6,3,3,3,6,8,4,6,4,3,0,0,0,0,0,0
Area,10:34:22 PM,30342015,7,8,3,3,2,6,5,4,3,1,5,3,2,0,1,2,0,0,0,0
Contamination_per_L,10:37:23 PM,20150530,9022.31
Grams_per_L,10:37:23 PM,20150530,12.7074782680458
EquivD,10:37:23 PM,20150530,0,0,0,9,6,3,3,3,6,8,4,6,4,3,0,0,0,0,0,0
Area,10:37:23 PM,30372015,7,8,3,3,2,6,5,4,3,1,5,3,2,0,1,2,0,0,0,0
Contamination_per_L,10:37:24 PM,20150530,9022.31
Grams_per_L,10:37:24 PM,20150530,12.7074782680458
EquivD,10:37:24 PM,20150530,0,0,0,9,6,3,3,3,6,8,4,6,4,3,0,0,0,0,0,0
Area,10:37:24 PM,30372015,7,8,3,3,2,6,5,4,3,1,5,3,2,0,1,2,0,0,0,0
Contamination_per_L,10:37:25 PM,20150530,9022.31
Grams_per_L,10:37:25 PM,20150530,12.7074782680458
EquivD,10:37:25 PM,20150530,0,0,0,9,6,3,3,3,6,8,4,6,4,3,0,0,0,0,0,0
Area,10:37:25 PM,30372015,7,8,3,3,2,6,5,4,3,1,5,3,2,0,1,2,0,0,0,0
Contamination_per_L,10:37:28 PM,20150530,9022.31
Grams_per_L,10:37:28 PM,20150530,12.7074782680458
EquivD,10:37:28 PM,20150530,0,0,0,9,6,3,3,3,6,8,4,6,4,3,0,0,0,0,0,0
Area,10:37:28 PM,30372015,7,8,3,3,2,6,5,4,3,1,5,3,2,0,1,2,0,0,0,0
Contamination_per_L,10:37:29 PM,20150530,9022.31
Grams_per_L,10:37:29 PM,20150530,12.7074782680458
EquivD,10:37:29 PM,20150530,0,0,0,9,6,3,3,3,6,8,4,6,4,3,0,0,0,0,0,0
Area,10:37:29 PM,30372015,7,8,3,3,2,6,5,4,3,1,5,3,2,0,1,2,0,0,0,0
Contamination_per_L,10:37:29 PM,20150530,9022.31
Grams_per_L,10:37:29 PM,20150530,12.7074782680458
EquivD,10:37:29 PM,20150530,0,0,0,9,6,3,3,3,6,8,4,6,4,3,0,0,0,0,0,0
Area,10:37:29 PM,30372015,7,8,3,3,2,6,5,4,3,1,5,3,2,0,1,2,0,0,0,0
Contamination_per_L,10:37:30 PM,20150530,9022.31
Grams_per_L,10:37:30 PM,20150530,12.7074782680458
EquivD,10:37:30 PM,20150530,0,0,0,9,6,3,3,3,6,8,4,6,4,3,0,0,0,0,0,0
Area,10:37:30 PM,30372015,7,8,3,3,2,6,5,4,3,1,5,3,2,0,1,2,0,0,0,0
Contamination_per_L,10:37:31 PM,20150530,9022.31
Grams_per_L,10:37:31 PM,20150530,12.7074782680458
EquivD,10:37:31 PM,20150530,0,0,0,9,6,3,3,3,6,8,4,6,4,3,0,0,0,0,0,0
Area,10:37:31 PM,30372015,7,8,3,3,2,6,5,4,3,1,5,3,2,0,1,2,0,0,0,0
Contamination_per_L,10:37:31 PM,20150530,9022.31
Grams_per_L,10:37:31 PM,20150530,12.7074782680458
EquivD,10:37:31 PM,20150530,0,0,0,9,6,3,3,3,6,8,4,6,4,3,0,0,0,0,0,0
Area,10:37:31 PM,30372015,7,8,3,3,2,6,5,4,3,1,5,3,2,0,1,2,0,0,0,0
Contamination_per_L,10:37:32 PM,20150530,9022.31
Grams_per_L,10:37:32 PM,20150530,12.7074782680458
EquivD,10:37:32 PM,20150530,0,0,0,9,6,3,3,3,6,8,4,6,4,3,0,0,0,0,0,0
Area,10:37:32 PM,30372015,7,8,3,3,2,6,5,4,3,1,5,3,2,0,1,2,0,0,0,0
Contamination_per_L,10:37:33 PM,20150530,9022.31
Grams_per_L,10:37:33 PM,20150530,12.7074782680458
EquivD,10:37:33 PM,20150530,0,0,0,9,6,3,3,3,6,8,4,6,4,3,0,0,0,0,0,0
Area,10:37:33 PM,30372015,7,8,3,3,2,6,5,4,3,1,5,3,2,0,1,2,0,0,0,0
Contamination_per_L,10:37:33 PM,20150530,9022.31
Grams_per_L,10:37:33 PM,20150530,12.7074782680458
EquivD,10:37:33 PM,20150530,0,0,0,9,6,3,3,3,6,8,4,6,4,3,0,0,0,0,0,0
Area,10:37:33 PM,30372015,7,8,3,3,2,6,5,4,3,1,5,3,2,0,1,2,0,0,0,0
Contamination_per_L,10:37:34 PM,20150530,9022.31
Grams_per_L,10:37:34 PM,20150530,12.7074782680458
EquivD,10:37:34 PM,20150530,0,0,0,9,6,3,3,3,6,8,4,6,4,3,0,0,0,0,0,0
Area,10:37:34 PM,30372015,7,8,3,3,2,6,5,4,3,1,5,3,2,0,1,2,0,0,0,0
Contamination_per_L,10:37:35 PM,20150530,9022.31
Grams_per_L,10:37:35 PM,20150530,12.7074782680458
EquivD,10:37:35 PM,20150530,0,0,0,9,6,3,3,3,6,8,4,6,4,3,0,0,0,0,0,0
Area,10:37:35 PM,30372015,7,8,3,3,2,6,5,4,3,1,5,3,2,0,1,2,0,0,0,0
Contamination_per_L,10:39:12 PM,20150530,9022.31
Grams_per_L,10:39:12 PM,20150530,12.7074782680458
EquivD,10:39:12 PM,20150530,0,0,0,9,6,3,3,3,6,8,4,6,4,3,0,0,0,0,0,0
Area,10:39:12 PM,30392015,7,8,3,3,2,6,5,4,3,1,5,3,2,0,1,2,0,0,0,0
Contamination_per_L,10:39:16 PM,20150530,9022.31
Grams_per_L,10:39:16 PM,20150530,12.7074782680458
EquivD,10:39:16 PM,20150530,0,0,0,9,6,3,3,3,6,8,4,6,4,3,0,0,0,0,0,0
Area,10:39:16 PM,30392015,7,8,3,3,2,6,5,4,3,1,5,3,2,0,1,2,0,0,0,0
Contamination_per_L,10:39:19 PM,20150530,9022.31
Grams_per_L,10:39:19 PM,20150530,12.7074782680458
EquivD,10:39:19 PM,20150530,0,0,0,9,6,3,3,3,6,8,4,6,4,3,0,0,0,0,0,0
Area,10:39:19 PM,30392015,7,8,3,3,2,6,5,4,3,1,5,3,2,0,1,2,0,0,0,0
Contamination_per_L,10:39:21 PM,20150530,9022.31
Grams_per_L,10:39:21 PM,20150530,12.7074782680458
EquivD,10:39:21 PM,20150530,0,0,0,9,6,3,3,3,6,8,4,6,4,3,0,0,0,0,0,0
Area,10:39:21 PM,30392015,7,8,3,3,2,6,5,4,3,1,5,3,2,0,1,2,0,0,0,0
Contamination_per_L,10:39:24 PM,20150530,9022.31
Grams_per_L,10:39:24 PM,20150530,12.7074782680458
EquivD,10:39:24 PM,20150530,0,0,0,9,6,3,3,3,6,8,4,6,4,3,0,0,0,0,0,0
Area,10:39:24 PM,30392015,7,8,3,3,2,6,5,4,3,1,5,3,2,0,1,2,0,0,0,0
Contamination_per_L,10:39:25 PM,20150530,9022.31
Grams_per_L,10:39:25 PM,20150530,12.7074782680458
EquivD,10:39:25 PM,20150530,0,0,0,9,6,3,3,3,6,8,4,6,4,3,0,0,0,0,0,0
Area,10:39:25 PM,30392015,7,8,3,3,2,6,5,4,3,1,5,3,2,0,1,2,0,0,0,0
Contamination_per_L,10:39:26 PM,20150530,9022.31
Grams_per_L,10:39:26 PM,20150530,12.7074782680458
EquivD,10:39:26 PM,20150530,0,0,0,9,6,3,3,3,6,8,4,6,4,3,0,0,0,0,0,0
Area,10:39:26 PM,30392015,7,8,3,3,2,6,5,4,3,1,5,3,2,0,1,2,0,0,0,0
Contamination_per_L,10:39:26 PM,20150530,9022.31
Grams_per_L,10:39:26 PM,20150530,12.7074782680458
EquivD,10:39:26 PM,20150530,0,0,0,9,6,3,3,3,6,8,4,6,4,3,0,0,0,0,0,0
Area,10:39:26 PM,30392015,7,8,3,3,2,6,5,4,3,1,5,3,2,0,1,2,0,0,0,0
Contamination_per_L,10:39:27 PM,20150530,9022.31
Grams_per_L,10:39:27 PM,20150530,12.7074782680458
EquivD,10:39:27 PM,20150530,0,0,0,9,6,3,3,3,6,8,4,6,4,3,0,0,0,0,0,0
Area,10:39:27 PM,30392015,7,8,3,3,2,6,5,4,3,1,5,3,2,0,1,2,0,0,0,0
Contamination_per_L,10:39:27 PM,20150530,9022.31
Grams_per_L,10:39:27 PM,20150530,12.7074782680458
EquivD,10:39:27 PM,20150530,0,0,0,9,6,3,3,3,6,8,4,6,4,3,0,0,0,0,0,0
Area,10:39:27 PM,30392015,7,8,3,3,2,6,5,4,3,1,5,3,2,0,1,2,0,0,0,0
Contamination_per_L,10:39:28 PM,20150530,9022.31
Grams_per_L,10:39:28 PM,20150530,12.7074782680458
EquivD,10:39:28 PM,20150530,0,0,0,9,6,3,3,3,6,8,4,6,4,3,0,0,0,0,0,0
Area,10:39:28 PM,30392015,7,8,3,3,2,6,5,4,3,1,5,3,2,0,1,2,0,0,0,0
Contamination_per_L,10:39:29 PM,20150530,9022.31
Grams_per_L,10:39:29 PM,20150530,12.7074782680458
EquivD,10:39:29 PM,20150530,0,0,0,9,6,3,3,3,6,8,4,6,4,3,0,0,0,0,0,0
Area,10:39:29 PM,30392015,7,8,3,3,2,6,5,4,3,1,5,3,2,0,1,2,0,0,0,0
Contamination_per_L,10:39:29 PM,20150530,9022.31
Grams_per_L,10:39:29 PM,20150530,12.7074782680458
EquivD,10:39:29 PM,20150530,0,0,0,9,6,3,3,3,6,8,4,6,4,3,0,0,0,0,0,0
Area,10:39:29 PM,30392015,7,8,3,3,2,6,5,4,3,1,5,3,2,0,1,2,0,0,0,0
Contamination_per_L,10:39:30 PM,20150530,9022.31
Grams_per_L,10:39:30 PM,20150530,12.7074782680458
EquivD,10:39:30 PM,20150530,0,0,0,9,6,3,3,3,6,8,4,6,4,3,0,0,0,0,0,0
Area,10:39:30 PM,30392015,7,8,3,3,2,6,5,4,3,1,5,3,2,0,1,2,0,0,0,0
Contamination_per_L,10:39:30 PM,20150530,9022.31
Grams_per_L,10:39:30 PM,20150530,12.7074782680458
EquivD,10:39:30 PM,20150530,0,0,0,9,6,3,3,3,6,8,4,6,4,3,0,0,0,0,0,0
Area,10:39:30 PM,30392015,7,8,3,3,2,6,5,4,3,1,5,3,2,0,1,2,0,0,0,0
Contamination_per_L,10:39:31 PM,20150530,9022.31
Grams_per_L,10:39:31 PM,20150530,12.7074782680458
EquivD,10:39:31 PM,20150530,0,0,0,9,6,3,3,3,6,8,4,6,4,3,0,0,0,0,0,0
Area,10:39:31 PM,30392015,7,8,3,3,2,6,5,4,3,1,5,3,2,0,1,2,0,0,0,0
Contamination_per_L,10:39:32 PM,20150530,9022.31
Grams_per_L,10:39:32 PM,20150530,12.7074782680458
EquivD,10:39:32 PM,20150530,0,0,0,9,6,3,3,3,6,8,4,6,4,3,0,0,0,0,0,0
Area,10:39:32 PM,30392015,7,8,3,3,2,6,5,4,3,1,5,3,2,0,1,2,0,0,0,0
Contamination_per_L,10:39:32 PM,20150530,9022.31
Grams_per_L,10:39:32 PM,20150530,12.7074782680458
EquivD,10:39:32 PM,20150530,0,0,0,9,6,3,3,3,6,8,4,6,4,3,0,0,0,0,0,0
Area,10:39:32 PM,30392015,7,8,3,3,2,6,5,4,3,1,5,3,2,0,1,2,0,0,0,0
Contamination_per_L,10:39:33 PM,20150530,9022.31
Grams_per_L,10:39:33 PM,20150530,12.7074782680458
EquivD,10:39:33 PM,20150530,0,0,0,9,6,3,3,3,6,8,4,6,4,3,0,0,0,0,0,0
Area,10:39:33 PM,30392015,7,8,3,3,2,6,5,4,3,1,5,3,2,0,1,2,0,0,0,0
Contamination_per_L,10:39:33 PM,20150530,9022.31
Grams_per_L,10:39:33 PM,20150530,12.7074782680458
EquivD,10:39:33 PM,20150530,0,0,0,9,6,3,3,3,6,8,4,6,4,3,0,0,0,0,0,0
Area,10:39:33 PM,30392015,7,8,3,3,2,6,5,4,3,1,5,3,2,0,1,2,0,0,0,0
Contamination_per_L,10:39:34 PM,20150530,9022.31
Grams_per_L,10:39:34 PM,20150530,12.7074782680458
EquivD,10:39:34 PM,20150530,0,0,0,9,6,3,3,3,6,8,4,6,4,3,0,0,0,0,0,0
Area,10:39:34 PM,30392015,7,8,3,3,2,6,5,4,3,1,5,3,2,0,1,2,0,0,0,0
Contamination_per_L,10:39:35 PM,20150530,9022.31
Grams_per_L,10:39:35 PM,20150530,12.7074782680458
EquivD,10:39:35 PM,20150530,0,0,0,9,6,3,3,3,6,8,4,6,4,3,0,0,0,0,0,0
Area,10:39:35 PM,30392015,7,8,3,3,2,6,5,4,3,1,5,3,2,0,1,2,0,0,0,0
Contamination_per_L,10:39:35 PM,20150530,9022.31
Grams_per_L,10:39:35 PM,20150530,12.7074782680458
EquivD,10:39:35 PM,20150530,0,0,0,9,6,3,3,3,6,8,4,6,4,3,0,0,0,0,0,0
Area,10:39:35 PM,30392015,7,8,3,3,2,6,5,4,3,1,5,3,2,0,1,2,0,0,0,0
Contamination_per_L,10:39:36 PM,20150530,9022.31
Grams_per_L,10:39:36 PM,20150530,12.7074782680458
EquivD,10:39:36 PM,20150530,0,0,0,9,6,3,3,3,6,8,4,6,4,3,0,0,0,0,0,0
Area,10:39:36 PM,30392015,7,8,3,3,2,6,5,4,3,1,5,3,2,0,1,2,0,0,0,0
Contamination_per_L,10:39:37 PM,20150530,9022.31
Grams_per_L,10:39:37 PM,20150530,12.7074782680458
EquivD,10:39:37 PM,20150530,0,0,0,9,6,3,3,3,6,8,4,6,4,3,0,0,0,0,0,0
Area,10:39:37 PM,30392015,7,8,3,3,2,6,5,4,3,1,5,3,2,0,1,2,0,0,0,0
Contamination_per_L,10:39:38 PM,20150530,9022.31
Grams_per_L,10:39:38 PM,20150530,12.7074782680458
EquivD,10:39:38 PM,20150530,0,0,0,9,6,3,3,3,6,8,4,6,4,3,0,0,0,0,0,0
Area,10:39:38 PM,30392015,7,8,3,3,2,6,5,4,3,1,5,3,2,0,1,2,0,0,0,0
Contamination_per_L,10:39:41 PM,20150530,9022.31
Grams_per_L,10:39:41 PM,20150530,12.7074782680458
EquivD,10:39:41 PM,20150530,0,0,0,9,6,3,3,3,6,8,4,6,4,3,0,0,0,0,0,0
Area,10:39:41 PM,30392015,7,8,3,3,2,6,5,4,3,1,5,3,2,0,1,2,0,0,0,0
Contamination_per_L,10:39:43 PM,20150530,9022.31
Grams_per_L,10:39:43 PM,20150530,12.7074782680458
EquivD,10:39:43 PM,20150530,0,0,0,9,6,3,3,3,6,8,4,6,4,3,0,0,0,0,0,0
Area,10:39:43 PM,30392015,7,8,3,3,2,6,5,4,3,1,5,3,2,0,1,2,0,0,0,0
Contamination_per_L,10:39:46 PM,20150530,9022.31
Grams_per_L,10:39:46 PM,20150530,12.7074782680458
EquivD,10:39:46 PM,20150530,0,0,0,9,6,3,3,3,6,8,4,6,4,3,0,0,0,0,0,0
Area,10:39:46 PM,30392015,7,8,3,3,2,6,5,4,3,1,5,3,2,0,1,2,0,0,0,0
Contamination_per_L,10:39:48 PM,20150530,9022.31
Grams_per_L,10:39:48 PM,20150530,12.7074782680458
EquivD,10:39:48 PM,20150530,0,0,0,9,6,3,3,3,6,8,4,6,4,3,0,0,0,0,0,0
Area,10:39:48 PM,30392015,7,8,3,3,2,6,5,4,3,1,5,3,2,0,1,2,0,0,0,0
Contamination_per_L,10:39:51 PM,20150530,9022.31
Grams_per_L,10:39:51 PM,20150530,12.7074782680458
EquivD,10:39:51 PM,20150530,0,0,0,9,6,3,3,3,6,8,4,6,4,3,0,0,0,0,0,0
Area,10:39:51 PM,30392015,7,8,3,3,2,6,5,4,3,1,5,3,2,0,1,2,0,0,0,0
Contamination_per_L,10:39:53 PM,20150530,9022.31
Grams_per_L,10:39:53 PM,20150530,12.7074782680458
EquivD,10:39:53 PM,20150530,0,0,0,9,6,3,3,3,6,8,4,6,4,3,0,0,0,0,0,0
Area,10:39:53 PM,30392015,7,8,3,3,2,6,5,4,3,1,5,3,2,0,1,2,0,0,0,0
Contamination_per_L,10:39:54 PM,20150530,9022.31
Grams_per_L,10:39:54 PM,20150530,12.7074782680458
EquivD,10:39:54 PM,20150530,0,0,0,9,6,3,3,3,6,8,4,6,4,3,0,0,0,0,0,0
Area,10:39:54 PM,30392015,7,8,3,3,2,6,5,4,3,1,5,3,2,0,1,2,0,0,0,0
Contamination_per_L,10:39:55 PM,20150530,9022.31
Grams_per_L,10:39:55 PM,20150530,12.7074782680458
EquivD,10:39:55 PM,20150530,0,0,0,9,6,3,3,3,6,8,4,6,4,3,0,0,0,0,0,0
Area,10:39:55 PM,30392015,7,8,3,3,2,6,5,4,3,1,5,3,2,0,1,2,0,0,0,0
Contamination_per_L,10:39:55 PM,20150530,9022.31
Grams_per_L,10:39:55 PM,20150530,12.7074782680458
EquivD,10:39:55 PM,20150530,0,0,0,9,6,3,3,3,6,8,4,6,4,3,0,0,0,0,0,0
Area,10:39:55 PM,30392015,7,8,3,3,2,6,5,4,3,1,5,3,2,0,1,2,0,0,0,0
Contamination_per_L,10:39:56 PM,20150530,9022.31
Grams_per_L,10:39:56 PM,20150530,12.7074782680458
EquivD,10:39:56 PM,20150530,0,0,0,9,6,3,3,3,6,8,4,6,4,3,0,0,0,0,0,0
Area,10:39:56 PM,30392015,7,8,3,3,2,6,5,4,3,1,5,3,2,0,1,2,0,0,0,0
Contamination_per_L,10:39:57 PM,20150530,9022.31
Grams_per_L,10:39:57 PM,20150530,12.7074782680458
EquivD,10:39:57 PM,20150530,0,0,0,9,6,3,3,3,6,8,4,6,4,3,0,0,0,0,0,0
Area,10:39:57 PM,30392015,7,8,3,3,2,6,5,4,3,1,5,3,2,0,1,2,0,0,0,0
Contamination_per_L,10:39:57 PM,20150530,9022.31
Grams_per_L,10:39:57 PM,20150530,12.7074782680458
EquivD,10:39:57 PM,20150530,0,0,0,9,6,3,3,3,6,8,4,6,4,3,0,0,0,0,0,0
Area,10:39:57 PM,30392015,7,8,3,3,2,6,5,4,3,1,5,3,2,0,1,2,0,0,0,0
Contamination_per_L,10:39:58 PM,20150530,9022.31
Grams_per_L,10:39:58 PM,20150530,12.7074782680458
EquivD,10:39:58 PM,20150530,0,0,0,9,6,3,3,3,6,8,4,6,4,3,0,0,0,0,0,0
Area,10:39:58 PM,30392015,7,8,3,3,2,6,5,4,3,1,5,3,2,0,1,2,0,0,0,0
Contamination_per_L,10:39:58 PM,20150530,9022.31
Grams_per_L,10:39:58 PM,20150530,12.7074782680458
EquivD,10:39:58 PM,20150530,0,0,0,9,6,3,3,3,6,8,4,6,4,3,0,0,0,0,0,0
Area,10:39:58 PM,30392015,7,8,3,3,2,6,5,4,3,1,5,3,2,0,1,2,0,0,0,0
Contamination_per_L,10:39:59 PM,20150530,9022.31
Grams_per_L,10:39:59 PM,20150530,12.7074782680458
EquivD,10:39:59 PM,20150530,0,0,0,9,6,3,3,3,6,8,4,6,4,3,0,0,0,0,0,0
Area,10:39:59 PM,30392015,7,8,3,3,2,6,5,4,3,1,5,3,2,0,1,2,0,0,0,0
Contamination_per_L,10:40:00 PM,20150530,9022.31
Grams_per_L,10:40:00 PM,20150530,12.7074782680458
EquivD,10:40:00 PM,20150530,0,0,0,9,6,3,3,3,6,8,4,6,4,3,0,0,0,0,0,0
Area,10:40:00 PM,30402015,7,8,3,3,2,6,5,4,3,1,5,3,2,0,1,2,0,0,0,0
Contamination_per_L,10:40:00 PM,20150530,9022.31
Grams_per_L,10:40:00 PM,20150530,12.7074782680458
EquivD,10:40:00 PM,20150530,0,0,0,9,6,3,3,3,6,8,4,6,4,3,0,0,0,0,0,0
Area,10:40:00 PM,30402015,7,8,3,3,2,6,5,4,3,1,5,3,2,0,1,2,0,0,0,0
Contamination_per_L,10:40:01 PM,20150530,9022.31
Grams_per_L,10:40:01 PM,20150530,12.7074782680458
EquivD,10:40:01 PM,20150530,0,0,0,9,6,3,3,3,6,8,4,6,4,3,0,0,0,0,0,0
Area,10:40:01 PM,30402015,7,8,3,3,2,6,5,4,3,1,5,3,2,0,1,2,0,0,0,0
Contamination_per_L,10:40:02 PM,20150530,9022.31
Grams_per_L,10:40:02 PM,20150530,12.7074782680458
EquivD,10:40:02 PM,20150530,0,0,0,9,6,3,3,3,6,8,4,6,4,3,0,0,0,0,0,0
Area,10:40:02 PM,30402015,7,8,3,3,2,6,5,4,3,1,5,3,2,0,1,2,0,0,0,0
Contamination_per_L,10:40:02 PM,20150530,9022.31
Grams_per_L,10:40:02 PM,20150530,12.7074782680458
EquivD,10:40:02 PM,20150530,0,0,0,9,6,3,3,3,6,8,4,6,4,3,0,0,0,0,0,0
Area,10:40:02 PM,30402015,7,8,3,3,2,6,5,4,3,1,5,3,2,0,1,2,0,0,0,0
Contamination_per_L,10:40:04 PM,20150530,9022.31
Grams_per_L,10:40:04 PM,20150530,12.7074782680458
EquivD,10:40:04 PM,20150530,0,0,0,9,6,3,3,3,6,8,4,6,4,3,0,0,0,0,0,0
Area,10:40:04 PM,30402015,7,8,3,3,2,6,5,4,3,1,5,3,2,0,1,2,0,0,0,0
Contamination_per_L,10:44:31 PM,20150530,9022.31
Grams_per_L,10:44:31 PM,20150530,12.7074782680458
EquivD,10:44:31 PM,20150530,0,0,0,9,6,3,3,3,6,8,4,6,4,3,0,0,0,0,0,0
Area,10:44:31 PM,30442015,7,8,3,3,2,6,5,4,3,1,5,3,2,0,1,2,0,0,0,0
Contamination_per_L,10:44:32 PM,20150530,9022.31
Grams_per_L,10:44:32 PM,20150530,12.7074782680458
EquivD,10:44:32 PM,20150530,0,0,0,9,6,3,3,3,6,8,4,6,4,3,0,0,0,0,0,0
Area,10:44:32 PM,30442015,7,8,3,3,2,6,5,4,3,1,5,3,2,0,1,2,0,0,0,0
Contamination_per_L,10:44:32 PM,20150530,9022.31
Grams_per_L,10:44:32 PM,20150530,12.7074782680458
EquivD,10:44:32 PM,20150530,0,0,0,9,6,3,3,3,6,8,4,6,4,3,0,0,0,0,0,0
Area,10:44:32 PM,30442015,7,8,3,3,2,6,5,4,3,1,5,3,2,0,1,2,0,0,0,0
Contamination_per_L,10:44:33 PM,20150530,9022.31
Grams_per_L,10:44:33 PM,20150530,12.7074782680458
EquivD,10:44:33 PM,20150530,0,0,0,9,6,3,3,3,6,8,4,6,4,3,0,0,0,0,0,0
Area,10:44:33 PM,30442015,7,8,3,3,2,6,5,4,3,1,5,3,2,0,1,2,0,0,0,0
Contamination_per_L,10:44:33 PM,20150530,9022.31
Grams_per_L,10:44:33 PM,20150530,12.7074782680458
EquivD,10:44:33 PM,20150530,0,0,0,9,6,3,3,3,6,8,4,6,4,3,0,0,0,0,0,0
Area,10:44:33 PM,30442015,7,8,3,3,2,6,5,4,3,1,5,3,2,0,1,2,0,0,0,0
Contamination_per_L,10:44:34 PM,20150530,9022.31
Grams_per_L,10:44:34 PM,20150530,12.7074782680458
EquivD,10:44:34 PM,20150530,0,0,0,9,6,3,3,3,6,8,4,6,4,3,0,0,0,0,0,0
Area,10:44:34 PM,30442015,7,8,3,3,2,6,5,4,3,1,5,3,2,0,1,2,0,0,0,0
Contamination_per_L,10:44:35 PM,20150530,9022.31
Grams_per_L,10:44:35 PM,20150530,12.7074782680458
EquivD,10:44:35 PM,20150530,0,0,0,9,6,3,3,3,6,8,4,6,4,3,0,0,0,0,0,0
Area,10:44:35 PM,30442015,7,8,3,3,2,6,5,4,3,1,5,3,2,0,1,2,0,0,0,0
Contamination_per_L,10:44:35 PM,20150530,9022.31
Grams_per_L,10:44:35 PM,20150530,12.7074782680458
EquivD,10:44:35 PM,20150530,0,0,0,9,6,3,3,3,6,8,4,6,4,3,0,0,0,0,0,0
Area,10:44:35 PM,30442015,7,8,3,3,2,6,5,4,3,1,5,3,2,0,1,2,0,0,0,0
Contamination_per_L,10:44:36 PM,20150530,9022.31
Grams_per_L,10:44:36 PM,20150530,12.7074782680458
EquivD,10:44:36 PM,20150530,0,0,0,9,6,3,3,3,6,8,4,6,4,3,0,0,0,0,0,0
Area,10:44:36 PM,30442015,7,8,3,3,2,6,5,4,3,1,5,3,2,0,1,2,0,0,0,0
Contamination_per_L,10:44:36 PM,20150530,9022.31
Grams_per_L,10:44:36 PM,20150530,12.7074782680458
EquivD,10:44:36 PM,20150530,0,0,0,9,6,3,3,3,6,8,4,6,4,3,0,0,0,0,0,0
Area,10:44:36 PM,30442015,7,8,3,3,2,6,5,4,3,1,5,3,2,0,1,2,0,0,0,0
Contamination_per_L,10:44:37 PM,20150530,9022.31
Grams_per_L,10:44:37 PM,20150530,12.7074782680458
EquivD,10:44:37 PM,20150530,0,0,0,9,6,3,3,3,6,8,4,6,4,3,0,0,0,0,0,0
Area,10:44:37 PM,30442015,7,8,3,3,2,6,5,4,3,1,5,3,2,0,1,2,0,0,0,0
Contamination_per_L,10:44:38 PM,20150530,9022.31
Grams_per_L,10:44:38 PM,20150530,12.7074782680458
EquivD,10:44:38 PM,20150530,0,0,0,9,6,3,3,3,6,8,4,6,4,3,0,0,0,0,0,0
Area,10:44:38 PM,30442015,7,8,3,3,2,6,5,4,3,1,5,3,2,0,1,2,0,0,0,0
Contamination_per_L,10:44:38 PM,20150530,9022.31
Grams_per_L,10:44:38 PM,20150530,12.7074782680458
EquivD,10:44:38 PM,20150530,0,0,0,9,6,3,3,3,6,8,4,6,4,3,0,0,0,0,0,0
Area,10:44:38 PM,30442015,7,8,3,3,2,6,5,4,3,1,5,3,2,0,1,2,0,0,0,0
Contamination_per_L,10:44:39 PM,20150530,9022.31
Grams_per_L,10:44:39 PM,20150530,12.7074782680458
EquivD,10:44:39 PM,20150530,0,0,0,9,6,3,3,3,6,8,4,6,4,3,0,0,0,0,0,0
Area,10:44:39 PM,30442015,7,8,3,3,2,6,5,4,3,1,5,3,2,0,1,2,0,0,0,0
Contamination_per_L,10:44:39 PM,20150530,9022.31
Grams_per_L,10:44:39 PM,20150530,12.7074782680458
EquivD,10:44:39 PM,20150530,0,0,0,9,6,3,3,3,6,8,4,6,4,3,0,0,0,0,0,0
Area,10:44:39 PM,30442015,7,8,3,3,2,6,5,4,3,1,5,3,2,0,1,2,0,0,0,0
Contamination_per_L,10:46:51 PM,20150530,9022.31
Grams_per_L,10:46:51 PM,20150530,12.7074782680458
EquivD,10:46:51 PM,20150530,0,0,0,9,6,3,3,3,6,8,4,6,4,3,0,0,0,0,0,0
Area,10:46:51 PM,30462015,7,8,3,3,2,6,5,4,3,1,5,3,2,0,1,2,0,0,0,0
Contamination_per_L,10:59:29 PM,20150530,164.042
Grams_per_L,10:59:29 PM,20150530,0.231045059419014
EquivD,10:59:29 PM,20150530,0,0,0,0,0,0,0,0,0,1,0,0,0,0,0,0,0,0,0,0
Area,10:59:29 PM,30592015,0,0,0,0,0,0,1,0,0,0,0,0,0,0,0,0,0,0,0,0
Contamination_per_L,11:00:19 PM,20150530,164.042
Grams_per_L,11:00:19 PM,20150530,0.231045059419014
EquivD,11:00:19 PM,20150530,0,0,0,0,0,0,0,0,0,1,0,0,0,0,0,0,0,0,0,0
Area,11:00:19 PM,30002015,0,0,0,0,0,0,1,0,0,0,0,0,0,0,0,0,0,0,0,0
Contamination_per_L,11:00:20 PM,20150530,164.042
Grams_per_L,11:00:20 PM,20150530,0.231045059419014
EquivD,11:00:20 PM,20150530,0,0,0,0,0,0,0,0,0,1,0,0,0,0,0,0,0,0,0,0
Area,11:00:20 PM,30002015,0,0,0,0,0,0,1,0,0,0,0,0,0,0,0,0,0,0,0,0
Contamination_per_L,11:00:21 PM,20150530,164.042
Grams_per_L,11:00:21 PM,20150530,0.231045059419014
EquivD,11:00:21 PM,20150530,0,0,0,0,0,0,0,0,0,1,0,0,0,0,0,0,0,0,0,0
Area,11:00:21 PM,30002015,0,0,0,0,0,0,1,0,0,0,0,0,0,0,0,0,0,0,0,0
Contamination_per_L,11:00:22 PM,20150530,164.042
Grams_per_L,11:00:22 PM,20150530,0.231045059419014
EquivD,11:00:22 PM,20150530,0,0,0,0,0,0,0,0,0,1,0,0,0,0,0,0,0,0,0,0
Area,11:00:22 PM,30002015,0,0,0,0,0,0,1,0,0,0,0,0,0,0,0,0,0,0,0,0
Contamination_per_L,11:00:23 PM,20150530,164.042
Grams_per_L,11:00:23 PM,20150530,0.231045059419014
EquivD,11:00:23 PM,20150530,0,0,0,0,0,0,0,0,0,1,0,0,0,0,0,0,0,0,0,0
Area,11:00:23 PM,30002015,0,0,0,0,0,0,1,0,0,0,0,0,0,0,0,0,0,0,0,0
Contamination_per_L,11:00:24 PM,20150530,164.042
Grams_per_L,11:00:24 PM,20150530,0.231045059419014
EquivD,11:00:24 PM,20150530,0,0,0,0,0,0,0,0,0,1,0,0,0,0,0,0,0,0,0,0
Area,11:00:24 PM,30002015,0,0,0,0,0,0,1,0,0,0,0,0,0,0,0,0,0,0,0,0
Contamination_per_L,11:00:25 PM,20150530,164.042
Grams_per_L,11:00:25 PM,20150530,0.231045059419014
EquivD,11:00:25 PM,20150530,0,0,0,0,0,0,0,0,0,1,0,0,0,0,0,0,0,0,0,0
Area,11:00:25 PM,30002015,0,0,0,0,0,0,1,0,0,0,0,0,0,0,0,0,0,0,0,0
Contamination_per_L,11:01:29 PM,20150530,164.042
Grams_per_L,11:01:29 PM,20150530,0.231045059419014
EquivD,11:01:29 PM,20150530,0,0,0,0,0,0,0,0,0,1,0,0,0,0,0,0,0,0,0,0
Area,11:01:29 PM,30012015,0,0,0,0,0,0,1,0,0,0,0,0,0,0,0,0,0,0,0,0
Contamination_per_L,11:01:29 PM,20150530,164.042
Grams_per_L,11:01:29 PM,20150530,0.231045059419014
EquivD,11:01:29 PM,20150530,0,0,0,0,0,0,0,0,0,1,0,0,0,0,0,0,0,0,0,0
Area,11:01:29 PM,30012015,0,0,0,0,0,0,1,0,0,0,0,0,0,0,0,0,0,0,0,0
Contamination_per_L,11:01:30 PM,20150530,164.042
Grams_per_L,11:01:30 PM,20150530,0.231045059419014
EquivD,11:01:30 PM,20150530,0,0,0,0,0,0,0,0,0,1,0,0,0,0,0,0,0,0,0,0
Area,11:01:30 PM,30012015,0,0,0,0,0,0,1,0,0,0,0,0,0,0,0,0,0,0,0,0
Contamination_per_L,11:01:31 PM,20150530,164.042
Grams_per_L,11:01:31 PM,20150530,0.231045059419014
EquivD,11:01:31 PM,20150530,0,0,0,0,0,0,0,0,0,1,0,0,0,0,0,0,0,0,0,0
Area,11:01:31 PM,30012015,0,0,0,0,0,0,1,0,0,0,0,0,0,0,0,0,0,0,0,0
Contamination_per_L,11:01:32 PM,20150530,164.042
Grams_per_L,11:01:32 PM,20150530,0.231045059419014
EquivD,11:01:32 PM,20150530,0,0,0,0,0,0,0,0,0,1,0,0,0,0,0,0,0,0,0,0
Area,11:01:32 PM,30012015,0,0,0,0,0,0,1,0,0,0,0,0,0,0,0,0,0,0,0,0
Contamination_per_L,11:48:03 PM,20150530,164.042
Grams_per_L,11:48:03 PM,20150530,0.231045059419014
EquivD,11:48:03 PM,20150530,0,0,0,0,0,0,0,0,1,0,0,0,0,0,0,0,0,0,0,0
Area,11:48:03 PM,30482015,0,0,0,0,0,1,0,0,0,0,0,0,0,0,0,0,0,0,0,0
Contamination_per_L,11:48:04 PM,20150530,164.042
Grams_per_L,11:48:04 PM,20150530,0.231045059419014
EquivD,11:48:04 PM,20150530,0,0,0,0,0,0,0,0,1,0,0,0,0,0,0,0,0,0,0,0
Area,11:48:04 PM,30482015,0,0,0,0,0,1,0,0,0,0,0,0,0,0,0,0,0,0,0,0
Contamination_per_L,11:48:05 PM,20150530,164.042
Grams_per_L,11:48:05 PM,20150530,0.231045059419014
EquivD,11:48:05 PM,20150530,0,0,0,0,0,0,0,0,1,0,0,0,0,0,0,0,0,0,0,0
Area,11:48:05 PM,30482015,0,0,0,0,0,1,0,0,0,0,0,0,0,0,0,0,0,0,0,0
Contamination_per_L,11:48:06 PM,20150530,164.042
Grams_per_L,11:48:06 PM,20150530,0.231045059419014
EquivD,11:48:06 PM,20150530,0,0,0,0,0,0,0,0,1,0,0,0,0,0,0,0,0,0,0,0
Area,11:48:06 PM,30482015,0,0,0,0,0,1,0,0,0,0,0,0,0,0,0,0,0,0,0,0
Contamination_per_L,11:48:07 PM,20150530,164.042
Grams_per_L,11:48:07 PM,20150530,0.231045059419014
EquivD,11:48:07 PM,20150530,0,0,0,0,0,0,0,0,1,0,0,0,0,0,0,0,0,0,0,0
Area,11:48:07 PM,30482015,0,0,0,0,0,1,0,0,0,0,0,0,0,0,0,0,0,0,0,0
Contamination_per_L,11:48:08 PM,20150530,164.042
Grams_per_L,11:48:08 PM,20150530,0.231045059419014
EquivD,11:48:08 PM,20150530,0,0,0,0,0,0,0,0,1,0,0,0,0,0,0,0,0,0,0,0
Area,11:48:08 PM,30482015,0,0,0,0,0,1,0,0,0,0,0,0,0,0,0,0,0,0,0,0
Contamination_per_L,11:48:40 PM,20150530,164.042
Grams_per_L,11:48:40 PM,20150530,0.231045059419014
EquivD,11:48:40 PM,20150530,0,0,0,0,0,0,0,0,1,0,0,0,0,0,0,0,0,0,0,0
Area,11:48:40 PM,30482015,0,0,0,0,0,1,0,0,0,0,0,0,0,0,0,0,0,0,0,0
Contamination_per_L,11:48:42 PM,20150530,164.042
Grams_per_L,11:48:42 PM,20150530,0.231045059419014
EquivD,11:48:42 PM,20150530,0,0,0,0,0,0,0,0,1,0,0,0,0,0,0,0,0,0,0,0
Area,11:48:42 PM,30482015,0,0,0,0,0,1,0,0,0,0,0,0,0,0,0,0,0,0,0,0
Contamination_per_L,11:48:45 PM,20150530,164.042
Grams_per_L,11:48:45 PM,20150530,0.231045059419014
EquivD,11:48:45 PM,20150530,0,0,0,0,0,0,0,0,1,0,0,0,0,0,0,0,0,0,0,0
Area,11:48:45 PM,30482015,0,0,0,0,0,1,0,0,0,0,0,0,0,0,0,0,0,0,0,0
Contamination_per_L,11:48:49 PM,20150530,164.042
Grams_per_L,11:48:49 PM,20150530,0.231045059419014
EquivD,11:48:49 PM,20150530,0,0,0,0,0,0,0,0,1,0,0,0,0,0,0,0,0,0,0,0
Area,11:48:49 PM,30482015,0,0,0,0,0,1,0,0,0,0,0,0,0,0,0,0,0,0,0,0
Contamination_per_L,11:48:53 PM,20150530,164.042
Grams_per_L,11:48:53 PM,20150530,0.231045059419014
EquivD,11:48:53 PM,20150530,0,0,0,0,0,0,0,0,1,0,0,0,0,0,0,0,0,0,0,0
Area,11:48:53 PM,30482015,0,0,0,0,0,1,0,0,0,0,0,0,0,0,0,0,0,0,0,0
Contamination_per_L,11:48:56 PM,20150530,164.042
Grams_per_L,11:48:56 PM,20150530,0.231045059419014
EquivD,11:48:56 PM,20150530,0,0,0,0,0,0,0,0,1,0,0,0,0,0,0,0,0,0,0,0
Area,11:48:56 PM,30482015,0,0,0,0,0,1,0,0,0,0,0,0,0,0,0,0,0,0,0,0
Contamination_per_L,11:49:00 PM,20150530,164.042
Grams_per_L,11:49:00 PM,20150530,0.231045059419014
EquivD,11:49:00 PM,20150530,0,0,0,0,0,0,0,0,1,0,0,0,0,0,0,0,0,0,0,0
Area,11:49:00 PM,30492015,0,0,0,0,0,1,0,0,0,0,0,0,0,0,0,0,0,0,0,0
Contamination_per_L,11:49:04 PM,20150530,164.042
Grams_per_L,11:49:04 PM,20150530,0.231045059419014
EquivD,11:49:04 PM,20150530,0,0,0,0,0,0,0,0,1,0,0,0,0,0,0,0,0,0,0,0
Area,11:49:04 PM,30492015,0,0,0,0,0,1,0,0,0,0,0,0,0,0,0,0,0,0,0,0
Contamination_per_L,11:49:05 PM,20150530,164.042
Grams_per_L,11:49:05 PM,20150530,0.231045059419014
EquivD,11:49:05 PM,20150530,0,0,0,0,0,0,0,0,1,0,0,0,0,0,0,0,0,0,0,0
Area,11:49:05 PM,30492015,0,0,0,0,0,1,0,0,0,0,0,0,0,0,0,0,0,0,0,0
Contamination_per_L,11:49:06 PM,20150530,164.042
Grams_per_L,11:49:06 PM,20150530,0.231045059419014
EquivD,11:49:06 PM,20150530,0,0,0,0,0,0,0,0,1,0,0,0,0,0,0,0,0,0,0,0
Area,11:49:06 PM,30492015,0,0,0,0,0,1,0,0,0,0,0,0,0,0,0,0,0,0,0,0
Contamination_per_L,11:49:07 PM,20150530,164.042
Grams_per_L,11:49:07 PM,20150530,0.231045059419014
EquivD,11:49:07 PM,20150530,0,0,0,0,0,0,0,0,1,0,0,0,0,0,0,0,0,0,0,0
Area,11:49:07 PM,30492015,0,0,0,0,0,1,0,0,0,0,0,0,0,0,0,0,0,0,0,0
Contamination_per_L,11:49:07 PM,20150530,164.042
Grams_per_L,11:49:07 PM,20150530,0.231045059419014
EquivD,11:49:07 PM,20150530,0,0,0,0,0,0,0,0,1,0,0,0,0,0,0,0,0,0,0,0
Area,11:49:07 PM,30492015,0,0,0,0,0,1,0,0,0,0,0,0,0,0,0,0,0,0,0,0
Contamination_per_L,11:49:08 PM,20150530,164.042
Grams_per_L,11:49:08 PM,20150530,0.231045059419014
EquivD,11:49:08 PM,20150530,0,0,0,0,0,0,0,0,1,0,0,0,0,0,0,0,0,0,0,0
Area,11:49:08 PM,30492015,0,0,0,0,0,1,0,0,0,0,0,0,0,0,0,0,0,0,0,0
Contamination_per_L,11:49:09 PM,20150530,164.042
Grams_per_L,11:49:09 PM,20150530,0.231045059419014
EquivD,11:49:09 PM,20150530,0,0,0,0,0,0,0,0,1,0,0,0,0,0,0,0,0,0,0,0
Area,11:49:09 PM,30492015,0,0,0,0,0,1,0,0,0,0,0,0,0,0,0,0,0,0,0,0
Contamination_per_L,11:49:09 PM,20150530,164.042
Grams_per_L,11:49:09 PM,20150530,0.231045059419014
EquivD,11:49:09 PM,20150530,0,0,0,0,0,0,0,0,1,0,0,0,0,0,0,0,0,0,0,0
Area,11:49:09 PM,30492015,0,0,0,0,0,1,0,0,0,0,0,0,0,0,0,0,0,0,0,0
Contamination_per_L,11:49:10 PM,20150530,164.042
Grams_per_L,11:49:10 PM,20150530,0.231045059419014
EquivD,11:49:10 PM,20150530,0,0,0,0,0,0,0,0,1,0,0,0,0,0,0,0,0,0,0,0
Area,11:49:10 PM,30492015,0,0,0,0,0,1,0,0,0,0,0,0,0,0,0,0,0,0,0,0
Contamination_per_L,11:49:11 PM,20150530,164.042
Grams_per_L,11:49:11 PM,20150530,0.231045059419014
EquivD,11:49:11 PM,20150530,0,0,0,0,0,0,0,0,1,0,0,0,0,0,0,0,0,0,0,0
Area,11:49:11 PM,30492015,0,0,0,0,0,1,0,0,0,0,0,0,0,0,0,0,0,0,0,0
Contamination_per_L,11:49:11 PM,20150530,164.042
Grams_per_L,11:49:11 PM,20150530,0.231045059419014
EquivD,11:49:11 PM,20150530,0,0,0,0,0,0,0,0,1,0,0,0,0,0,0,0,0,0,0,0
Area,11:49:11 PM,30492015,0,0,0,0,0,1,0,0,0,0,0,0,0,0,0,0,0,0,0,0
Contamination_per_L,11:49:12 PM,20150530,164.042
Grams_per_L,11:49:12 PM,20150530,0.231045059419014
EquivD,11:49:12 PM,20150530,0,0,0,0,0,0,0,0,1,0,0,0,0,0,0,0,0,0,0,0
Area,11:49:12 PM,30492015,0,0,0,0,0,1,0,0,0,0,0,0,0,0,0,0,0,0,0,0
Contamination_per_L,11:49:12 PM,20150530,164.042
Grams_per_L,11:49:12 PM,20150530,0.231045059419014
EquivD,11:49:12 PM,20150530,0,0,0,0,0,0,0,0,1,0,0,0,0,0,0,0,0,0,0,0
Area,11:49:12 PM,30492015,0,0,0,0,0,1,0,0,0,0,0,0,0,0,0,0,0,0,0,0
Contamination_per_L,11:49:13 PM,20150530,164.042
Grams_per_L,11:49:13 PM,20150530,0.231045059419014
EquivD,11:49:13 PM,20150530,0,0,0,0,0,0,0,0,1,0,0,0,0,0,0,0,0,0,0,0
Area,11:49:13 PM,30492015,0,0,0,0,0,1,0,0,0,0,0,0,0,0,0,0,0,0,0,0
Contamination_per_L,11:49:14 PM,20150530,164.042
Grams_per_L,11:49:14 PM,20150530,0.231045059419014
EquivD,11:49:14 PM,20150530,0,0,0,0,0,0,0,0,1,0,0,0,0,0,0,0,0,0,0,0
Area,11:49:14 PM,30492015,0,0,0,0,0,1,0,0,0,0,0,0,0,0,0,0,0,0,0,0
Contamination_per_L,11:49:14 PM,20150530,164.042
Grams_per_L,11:49:14 PM,20150530,0.231045059419014
EquivD,11:49:14 PM,20150530,0,0,0,0,0,0,0,0,1,0,0,0,0,0,0,0,0,0,0,0
Area,11:49:14 PM,30492015,0,0,0,0,0,1,0,0,0,0,0,0,0,0,0,0,0,0,0,0
Contamination_per_L,11:49:15 PM,20150530,164.042
Grams_per_L,11:49:15 PM,20150530,0.231045059419014
EquivD,11:49:15 PM,20150530,0,0,0,0,0,0,0,0,1,0,0,0,0,0,0,0,0,0,0,0
Area,11:49:15 PM,30492015,0,0,0,0,0,1,0,0,0,0,0,0,0,0,0,0,0,0,0,0
Contamination_per_L,11:49:16 PM,20150530,164.042
Grams_per_L,11:49:16 PM,20150530,0.231045059419014
EquivD,11:49:16 PM,20150530,0,0,0,0,0,0,0,0,1,0,0,0,0,0,0,0,0,0,0,0
Area,11:49:16 PM,30492015,0,0,0,0,0,1,0,0,0,0,0,0,0,0,0,0,0,0,0,0
Contamination_per_L,11:49:16 PM,20150530,164.042
Grams_per_L,11:49:16 PM,20150530,0.231045059419014
EquivD,11:49:16 PM,20150530,0,0,0,0,0,0,0,0,1,0,0,0,0,0,0,0,0,0,0,0
Area,11:49:16 PM,30492015,0,0,0,0,0,1,0,0,0,0,0,0,0,0,0,0,0,0,0,0
Contamination_per_L,11:49:17 PM,20150530,164.042
Grams_per_L,11:49:17 PM,20150530,0.231045059419014
EquivD,11:49:17 PM,20150530,0,0,0,0,0,0,0,0,1,0,0,0,0,0,0,0,0,0,0,0
Area,11:49:17 PM,30492015,0,0,0,0,0,1,0,0,0,0,0,0,0,0,0,0,0,0,0,0
Contamination_per_L,11:49:18 PM,20150530,164.042
Grams_per_L,11:49:18 PM,20150530,0.231045059419014
EquivD,11:49:18 PM,20150530,0,0,0,0,0,0,0,0,1,0,0,0,0,0,0,0,0,0,0,0
Area,11:49:18 PM,30492015,0,0,0,0,0,1,0,0,0,0,0,0,0,0,0,0,0,0,0,0
Contamination_per_L,11:49:18 PM,20150530,164.042
Grams_per_L,11:49:18 PM,20150530,0.231045059419014
EquivD,11:49:18 PM,20150530,0,0,0,0,0,0,0,0,1,0,0,0,0,0,0,0,0,0,0,0
Area,11:49:18 PM,30492015,0,0,0,0,0,1,0,0,0,0,0,0,0,0,0,0,0,0,0,0
Contamination_per_L,11:49:19 PM,20150530,164.042
Grams_per_L,11:49:19 PM,20150530,0.231045059419014
EquivD,11:49:19 PM,20150530,0,0,0,0,0,0,0,0,1,0,0,0,0,0,0,0,0,0,0,0
Area,11:49:19 PM,30492015,0,0,0,0,0,1,0,0,0,0,0,0,0,0,0,0,0,0,0,0
Contamination_per_L,11:49:19 PM,20150530,164.042
Grams_per_L,11:49:19 PM,20150530,0.231045059419014
EquivD,11:49:19 PM,20150530,0,0,0,0,0,0,0,0,1,0,0,0,0,0,0,0,0,0,0,0
Area,11:49:19 PM,30492015,0,0,0,0,0,1,0,0,0,0,0,0,0,0,0,0,0,0,0,0
Contamination_per_L,11:49:20 PM,20150530,164.042
Grams_per_L,11:49:20 PM,20150530,0.231045059419014
EquivD,11:49:20 PM,20150530,0,0,0,0,0,0,0,0,1,0,0,0,0,0,0,0,0,0,0,0
Area,11:49:20 PM,30492015,0,0,0,0,0,1,0,0,0,0,0,0,0,0,0,0,0,0,0,0
Contamination_per_L,11:49:21 PM,20150530,164.042
Grams_per_L,11:49:21 PM,20150530,0.231045059419014
EquivD,11:49:21 PM,20150530,0,0,0,0,0,0,0,0,1,0,0,0,0,0,0,0,0,0,0,0
Area,11:49:21 PM,30492015,0,0,0,0,0,1,0,0,0,0,0,0,0,0,0,0,0,0,0,0
Contamination_per_L,11:49:21 PM,20150530,164.042
Grams_per_L,11:49:21 PM,20150530,0.231045059419014
EquivD,11:49:21 PM,20150530,0,0,0,0,0,0,0,0,1,0,0,0,0,0,0,0,0,0,0,0
Area,11:49:21 PM,30492015,0,0,0,0,0,1,0,0,0,0,0,0,0,0,0,0,0,0,0,0
Contamination_per_L,11:49:24 PM,20150530,164.042
Grams_per_L,11:49:24 PM,20150530,0.231045059419014
EquivD,11:49:24 PM,20150530,0,0,0,0,0,0,0,0,1,0,0,0,0,0,0,0,0,0,0,0
Area,11:49:24 PM,30492015,0,0,0,0,0,1,0,0,0,0,0,0,0,0,0,0,0,0,0,0
Contamination_per_L,11:49:28 PM,20150530,164.042
Grams_per_L,11:49:28 PM,20150530,0.231045059419014
EquivD,11:49:28 PM,20150530,0,0,0,0,0,0,0,0,1,0,0,0,0,0,0,0,0,0,0,0
Area,11:49:28 PM,30492015,0,0,0,0,0,1,0,0,0,0,0,0,0,0,0,0,0,0,0,0
Contamination_per_L,11:50:15 PM,20150530,164.042
Grams_per_L,11:50:15 PM,20150530,0.231045059419014
EquivD,11:50:15 PM,20150530,0,0,0,0,0,0,0,0,1,0,0,0,0,0,0,0,0,0,0,0
Area,11:50:15 PM,30502015,0,0,0,0,0,1,0,0,0,0,0,0,0,0,0,0,0,0,0,0
Contamination_per_L,11:50:19 PM,20150530,164.042
Grams_per_L,11:50:19 PM,20150530,0.231045059419014
EquivD,11:50:19 PM,20150530,0,0,0,0,0,0,0,0,1,0,0,0,0,0,0,0,0,0,0,0
Area,11:50:19 PM,30502015,0,0,0,0,0,1,0,0,0,0,0,0,0,0,0,0,0,0,0,0
Contamination_per_L,11:50:22 PM,20150530,164.042
Grams_per_L,11:50:22 PM,20150530,0.231045059419014
EquivD,11:50:22 PM,20150530,0,0,0,0,0,0,0,0,1,0,0,0,0,0,0,0,0,0,0,0
Area,11:50:22 PM,30502015,0,0,0,0,0,1,0,0,0,0,0,0,0,0,0,0,0,0,0,0
Contamination_per_L,11:50:24 PM,20150530,164.042
Grams_per_L,11:50:24 PM,20150530,0.231045059419014
EquivD,11:50:24 PM,20150530,0,0,0,0,0,0,0,0,1,0,0,0,0,0,0,0,0,0,0,0
Area,11:50:24 PM,30502015,0,0,0,0,0,1,0,0,0,0,0,0,0,0,0,0,0,0,0,0
Contamination_per_L,11:50:27 PM,20150530,164.042
Grams_per_L,11:50:27 PM,20150530,0.231045059419014
EquivD,11:50:27 PM,20150530,0,0,0,0,0,0,0,0,1,0,0,0,0,0,0,0,0,0,0,0
Area,11:50:27 PM,30502015,0,0,0,0,0,1,0,0,0,0,0,0,0,0,0,0,0,0,0,0
Contamination_per_L,11:50:30 PM,20150530,164.042
Grams_per_L,11:50:30 PM,20150530,0.231045059419014
EquivD,11:50:30 PM,20150530,0,0,0,0,0,0,0,0,1,0,0,0,0,0,0,0,0,0,0,0
Area,11:50:30 PM,30502015,0,0,0,0,0,1,0,0,0,0,0,0,0,0,0,0,0,0,0,0
